rebuffer ratio:
BOLA: 0.000000 0.000881 0.006272
BOLA-SVC: 0.000000 0.000881 0.006272
DYNAMIC: 0.000000 0.001549 0.010683
DYNAMIC-SVC: 0.000000 0.001549 0.010683

average bitrate oscillation:
BOLA: 246.908030 289.860568 163.457022
BOLA-SVC: 246.908030 289.860568 163.457022
DYNAMIC: 247.310756 436.208626 426.251118
DYNAMIC-SVC: 247.310756 436.208626 426.251118

average bitrate:
BOLA: 9068.589824 9346.971065 1701.923320
BOLA-SVC: 10168.356186 10563.394040 2004.415039
DYNAMIC: 8732.761413 8938.342476 1591.207960
DYNAMIC-SVC: 9913.527738 10238.655886 1914.419229

reaction time:
BOLA: 89.545086 91.415303 9.446140
BOLA-SVC: 89.545086 91.415303 9.446140
DYNAMIC: 92.810789 94.358101 9.925852
DYNAMIC-SVC: 92.810789 94.358101 9.925852
