rebuffer ratio:
BOLA: 0.000000 0.000707 0.007671
BOLA-SVC: 0.000000 0.000707 0.007671
DYNAMIC: 0.000000 0.000381 0.004108
DYNAMIC-SVC: 0.000000 0.000381 0.004108

average bitrate oscillation:
BOLA: 95.618545 103.950987 26.931236
BOLA-SVC: 95.618545 103.950987 26.931236
DYNAMIC: 95.664312 112.490809 38.744542
DYNAMIC-SVC: 95.664312 112.490809 38.744542

average bitrate:
BOLA: 3741.743148 3725.040726 139.283822
BOLA-SVC: 4194.693463 4183.572389 124.878415
DYNAMIC: 3685.007032 3665.281692 170.240466
DYNAMIC-SVC: 4261.533153 4250.392239 140.671598

reaction time:
BOLA: 80.661913 81.880260 7.529541
BOLA-SVC: 80.661913 81.880260 7.529541
DYNAMIC: 83.772671 86.107760 10.194907
DYNAMIC-SVC: 83.772671 86.107760 10.194907
