rebuffer ratio:
BOLA: 0.000000 0.003239 0.010292
THROUGHPUT: 0.000000 0.003416 0.010310
DYNAMIC: 0.000000 0.003416 0.010310

average bitrate oscillation:
BOLA: 2464.490583 2520.888678 775.284553
THROUGHPUT: 1089.343252 1146.852391 462.138668
DYNAMIC: 1089.343252 1146.852391 462.138668

average bitrate:
BOLA: 18701.224899 18978.607125 5845.457723
THROUGHPUT: 16652.365921 17063.477707 5142.845989
DYNAMIC: 16652.365921 17063.477707 5142.845989
