rebuffer ratio:
BOLA: 0.000000 0.001251 0.007588
THROUGHPUT: 0.000000 0.001742 0.008289
DYNAMIC: 0.000000 0.001934 0.008006

average bitrate oscillation:
BOLA: 926.414656 934.180809 317.036825
THROUGHPUT: 929.042474 1050.268448 468.859899
DYNAMIC: 958.261162 971.275326 318.414666

average bitrate:
BOLA: 20441.051927 20723.160807 6200.832659
THROUGHPUT: 17158.397989 17428.874294 5057.742958
DYNAMIC: 20994.687495 20852.605908 6162.543556
