reaction time:
BOLA: 21.076381 21.675423 6.511549
TPUT: 6.098064 6.142585 3.148055
DYNAMIC: 6.095859 6.134761 3.735210
