reaction time:
BOLA: 21.291452 23.598373 6.784398
TPUT: 9.246055 11.748373 8.727471
DYNAMIC: 9.246055 11.073373 7.354037
