reaction time:
BOLA: 21.076381 21.675423 6.511549
BOLA-PL: 2.975920 4.557785 4.234293
