reaction time:
BOLA: 21.291452 23.598373 6.784398
BOLA-PL: 9.450993 14.223373 9.153473
