rebuffer ratio:
BOLA: 0.062892 0.121095 0.150546
BOLA-PL: 0.040663 0.100753 0.148135
BOLA-E: 0.048430 0.104764 0.148244

average bitrate oscillation:
BOLA: 81.887012 90.699940 47.328894
BOLA-PL: 178.856232 226.819940 139.035429
BOLA-E: 65.425044 68.086784 33.333051

average bitrate:
BOLA: 659.720124 798.128334 416.146522
BOLA-PL: 524.031270 617.532383 307.364270
BOLA-E: 638.427895 795.443326 415.765096
